<?xml version="1.0"?>
<opencv_storage>
<id>1</id>
<name>A</name>
<size>21</size>
<feats0 type_id="opencv-matrix">
  <rows>1</rows>
  <cols>6</cols>
  <dt>d</dt>
  <data>
    4.6383851354633640e+004 0.0803516442827059 0.1043890305995297
    -6.1400453156356342e-003 3.9841568206769214e-003 1.1851851851851851</data></feats0>
<angle0>-53.3399501693115350</angle0>
<feats1 type_id="opencv-matrix">
  <rows>1</rows>
  <cols>6</cols>
  <dt>d</dt>
  <data>
    5.2061360053061806e+004 0.0857288576627246 0.1013212917799051
    -7.6394681288687359e-003 3.6378488753104989e-003 1.1415929203539823</data></feats1>
<angle1>-58.5227301573721230</angle1>
<feats2 type_id="opencv-matrix">
  <rows>1</rows>
  <cols>6</cols>
  <dt>d</dt>
  <data>
    4.8678777337749874e+004 0.0773329831831496 0.1114531653182282
    -7.5853663516931760e-003 5.1067435306214552e-003 1.3431372549019607</data></feats2>
<angle2>-47.9153850972747360</angle2>
<feats3 type_id="opencv-matrix">
  <rows>1</rows>
  <cols>6</cols>
  <dt>d</dt>
  <data>
    5.5408837764501572e+004 0.1061957194097095 0.0785600902492740
    -5.1728983385842453e-003 4.1245053141399785e-003 0.8990825688073395</data></feats3>
<angle3>-49.5686668218798870</angle3>
<feats4 type_id="opencv-matrix">
  <rows>1</rows>
  <cols>6</cols>
  <dt>d</dt>
  <data>
    5.9048914632733286e+004 0.1195738783789818 0.0818138167011063
    -6.3651596887168704e-003 5.2964924857849165e-003 0.8529411764705882</data></feats4>
<angle4>-41.0331759000690750</angle4>
<feats5 type_id="opencv-matrix">
  <rows>1</rows>
  <cols>6</cols>
  <dt>d</dt>
  <data>
    4.0374078039394903e+004 0.0992710559634139 0.0746404388721648
    -4.3360213737029737e-003 7.3860105721133146e-004 0.8636363636363637</data></feats5>
<angle5>-20.9984513347747390</angle5>
<feats6 type_id="opencv-matrix">
  <rows>1</rows>
  <cols>6</cols>
  <dt>d</dt>
  <data>
    3.5428574612461569e+004 0.0746949440898928 0.1133569842145747
    -6.9595716085767414e-003 2.9726137278228834e-003 1.2872340425531914</data></feats6>
<angle6>-60.8549911597483800</angle6>
<feats7 type_id="opencv-matrix">
  <rows>1</rows>
  <cols>6</cols>
  <dt>d</dt>
  <data>
    4.1283962207127377e+004 0.1031099753616804 0.0666903615277271
    -2.6407782857515551e-003 4.3691599455617549e-004 0.8396226415094340</data></feats7>
<angle7>-31.8498320377128930</angle7>
<feats8 type_id="opencv-matrix">
  <rows>1</rows>
  <cols>6</cols>
  <dt>d</dt>
  <data>
    4.6284987754685542e+004 0.1219133231311917 0.0704903570658801
    -7.0480723855246650e-003 2.7825154575054118e-003 0.8155339805825242</data></feats8>
<angle8>-35.1695150550026060</angle8>
<feats9 type_id="opencv-matrix">
  <rows>1</rows>
  <cols>6</cols>
  <dt>d</dt>
  <data>
    7.0718334247209743e+004 0.1028657539375355 0.0939769097673298
    -5.6861260174365597e-003 2.4389551430000684e-003 1.</data></feats9>
<angle9>24.9318827909032340</angle9>
<feats10 type_id="opencv-matrix">
  <rows>1</rows>
  <cols>6</cols>
  <dt>d</dt>
  <data>
    4.0030268911273539e+004 0.1192636495412846 0.0604448042726663
    -4.9670074035560331e-003 2.2148675462974024e-003 0.7500000000000000</data></feats10>
<angle10>-38.2219066621485550</angle10>
<feats11 type_id="opencv-matrix">
  <rows>1</rows>
  <cols>6</cols>
  <dt>d</dt>
  <data>
    4.7951185246417830e+004 0.1035383708529598 0.0785476552262696
    -5.5011059295025609e-003 5.0427289634680794e-003 0.9320388349514563</data></feats11>
<angle11>-26.9210039495726900</angle11>
<feats12 type_id="opencv-matrix">
  <rows>1</rows>
  <cols>6</cols>
  <dt>d</dt>
  <data>
    3.6610284723970959e+004 0.1008658891518563 0.0755265160843702
    -4.5659998386097366e-003 1.5358097870574628e-003 0.9062500000000000</data></feats12>
<angle12>-10.4267325204192950</angle12>
<feats13 type_id="opencv-matrix">
  <rows>1</rows>
  <cols>6</cols>
  <dt>d</dt>
  <data>
    3.9291393206634741e+004 0.1206330304664140 0.0722479581835168
    -6.5142885605059663e-003 3.4357594960085606e-003 0.8191489361702128</data></feats13>
<angle13>-36.3616264449300740</angle13>
<feats14 type_id="opencv-matrix">
  <rows>1</rows>
  <cols>6</cols>
  <dt>d</dt>
  <data>
    2.9843216045390829e+004 0.1068790530152843 0.0746601887356088
    -3.6657686004535773e-003 4.4812455455417932e-003 0.8620689655172413</data></feats14>
<angle14>-38.3240161988251130</angle14>
<feats15 type_id="opencv-matrix">
  <rows>1</rows>
  <cols>6</cols>
  <dt>d</dt>
  <data>
    8.7954870879808892e+004 0.1128107056305246 0.0953730858662980
    -3.6921994128185105e-003 7.1024826389511216e-004 1.0155038759689923</data></feats15>
<angle15>27.0171450061181810</angle15>
<feats16 type_id="opencv-matrix">
  <rows>1</rows>
  <cols>6</cols>
  <dt>d</dt>
  <data>
    3.5408876213653537e+004 0.0767367220054704 0.1092720760832723
    -6.6322494023919121e-003 4.5803919222252645e-003 1.2717391304347827</data></feats16>
<angle16>-56.9042124976638990</angle16>
<feats17 type_id="opencv-matrix">
  <rows>1</rows>
  <cols>6</cols>
  <dt>d</dt>
  <data>
    3.2978973643203761e+004 0.0863203863164207 0.0957419510107356
    -2.8968635114827190e-003 -7.8340761262019715e-004 1.1075268817204300</data></feats17>
<angle17>-74.9185661011603660</angle17>
<feats18 type_id="opencv-matrix">
  <rows>1</rows>
  <cols>6</cols>
  <dt>d</dt>
  <data>
    5.1852666279104451e+004 0.1094345065139283 0.0746781714207723
    -6.2622529170525149e-003 4.2179942910062877e-003 0.8715596330275229</data></feats18>
<angle18>-27.9147928870268700</angle18>
<feats19 type_id="opencv-matrix">
  <rows>1</rows>
  <cols>6</cols>
  <dt>d</dt>
  <data>
    2.8939485139869725e+004 0.0941206625583944 0.0845847891165319
    -4.6041051673626219e-003 3.6118607951654124e-003 0.9886363636363637</data></feats19>
<angle19>87.5463304934545190</angle19>
<feats20 type_id="opencv-matrix">
  <rows>1</rows>
  <cols>6</cols>
  <dt>d</dt>
  <data>
    4.4502200636691021e+004 0.1134821353855443 0.0642019599944876
    -5.0141119405197748e-003 7.7942854851083504e-004 0.7943925233644860</data></feats20>
<angle20>-33.3876741697038990</angle20>
</opencv_storage>
